----------
nodelay: : 24274
pos: : [ 65879.  34139.  20013.  12880.   9285.   6706.   5009.   3968.   3166.
   2511.  12863.]
neg: : [  2.34189000e+05   2.26040000e+04   4.67000000e+02   2.50000000e+01
   8.00000000e+00   0.00000000e+00   0.00000000e+00   0.00000000e+00
   0.00000000e+00   0.00000000e+00   0.00000000e+00]
----------
total: : 457986.0
stats:
<-10	-10	-9	-8	-7	-6	-5	-4	-3	-2	-1	0
-	-	-	-	-	-	0.0	0.0	0.0	0.05	0.51	0.0530016201369
1	2	3	4	5	6	7	8	9	10	>10
0.14	0.07	0.04	0.03	0.02	0.01	0.01	0.01	0.01	0.01	0.03