nodelay: 34400
pos: [ 130914.   72192.   41627.   26581.   18818.   13385.   10212.    8032.
    6474.    5220.   26078.]
neg: [  3.44699000e+05   1.25149000e+05   3.94030000e+04   9.30900000e+03
   2.02500000e+03   4.11000000e+02   6.80000000e+01   5.00000000e+00
   1.00000000e+00   0.00000000e+00   0.00000000e+00]
----------
total: 915003.0
stats:
<-10	-10	-9	-8	-7	-6	-5	-4	-3	-2	-1	0
-	-	0.000	0.000	0.000	0.000	0.002	0.010	0.043	0.137	0.377	0.038
1	2	3	4	5	6	7	8	9	10	>10
0.143	0.079	0.045	0.029	0.021	0.015	0.011	0.009	0.007	0.006	0.029