nodelay: 10126
pos: [ 65035.  38053.  21614.  13701.   9533.   6679.   5203.   4064.   3308.
   2709.  13214.]
neg: [  1.10510000e+05   1.02545000e+05   3.89360000e+04   9.28400000e+03
   2.01700000e+03   4.11000000e+02   6.80000000e+01   5.00000000e+00
   1.00000000e+00   0.00000000e+00   0.00000000e+00]
----------
total: 457016.0
stats:
<-10	-10	-9	-8	-7	-6	-5	-4	-3	-2	-1	0
-	-	0.000	0.000	0.000	0.001	0.004	0.020	0.085	0.224	0.242	0.022
1	2	3	4	5	6	7	8	9	10	>10
0.142	0.083	0.047	0.030	0.021	0.015	0.011	0.009	0.007	0.006	0.029